MSMEG_0001	0.1407	0.1642	0.3626	0.3325
MSMEG_0002	0.1723	0.1678	0.3568	0.3031
MSMEG_0003	0.1481	0.1697	0.3645	0.3177
MSMEG_0004	0.147	0.1214	0.3846	0.347
MSMEG_0005	0.2051	0.1672	0.3368	0.2909
MSMEG_0006	0.1938	0.1499	0.3215	0.3349
MSMEG_0007	0.1545	0.143	0.3487	0.3538
MSMEG_0009	0.129	0.2688	0.4086	0.1935
MSMEG_0011	0.161	0.1623	0.3508	0.3258
MSMEG_0012	0.1279	0.1909	0.3469	0.3343
MSMEG_0014	0.1765	0.193	0.3106	0.3199
MSMEG_0015	0.1661	0.1613	0.343	0.3297
MSMEG_0016	0.161	0.191	0.3371	0.3109
MSMEG_0017	0.151	0.1649	0.3299	0.3542
MSMEG_0018	0.1412	0.1582	0.3446	0.3559
MSMEG_0019	0.152	0.1485	0.3305	0.369
MSMEG_0020	0.1983	0.1603	0.3186	0.3228
MSMEG_0021	0.219	0.1557	0.309	0.3163
MSMEG_0022	0.1761	0.1595	0.3099	0.3545
MSMEG_0023	0.1509	0.129	0.3382	0.382
MSMEG_0024	0.1951	0.1439	0.2936	0.3674
MSMEG_0025	0.1789	0.1789	0.3309	0.3113
MSMEG_0026	0.1719	0.2281	0.2772	0.3228
MSMEG_0027	0.1533	0.1253	0.3187	0.4027
MSMEG_0028	0.1752	0.1315	0.3371	0.3562
MSMEG_0029	0.1526	0.1467	0.3393	0.3615
MSMEG_0030	0.1579	0.1365	0.3421	0.3635
MSMEG_0031	0.1653	0.1409	0.3225	0.3713
MSMEG_0032	0.137	0.1984	0.322	0.3425
MSMEG_0033	0.1546	0.1254	0.3307	0.3892
MSMEG_0034	0.1624	0.1795	0.344	0.3141
MSMEG_0035	0.168	0.1201	0.349	0.3629
MSMEG_0036	0.2037	0.1667	0.3056	0.3241
MSMEG_0039	0.12	0.1947	0.3387	0.3467
MSMEG_0040	0.1732	0.1699	0.2484	0.4085
MSMEG_0041	0.1027	0.1782	0.392	0.327
MSMEG_0042	0.1755	0.1401	0.3422	0.3422
MSMEG_0043	0.1514	0.1679	0.3079	0.3728
MSMEG_0044	0.1563	0.1371	0.3473	0.3593
MSMEG_0045	0.1361	0.143	0.3694	0.3516
MSMEG_0046	0.1459	0.1606	0.3333	0.3601
MSMEG_0047	0.1784	0.1346	0.3259	0.3611
MSMEG_0048	0.1925	0.1567	0.3373	0.3135
MSMEG_0049	0.1366	0.1636	0.3302	0.3696
MSMEG_0050	0.1685	0.1648	0.3596	0.3071
MSMEG_0051	0.1565	0.1429	0.3265	0.3741
MSMEG_0052	0.1538	0.1192	0.3385	0.3885
MSMEG_0053	0.1627	0.1325	0.3384	0.3665
MSMEG_0054	0.1869	0.1869	0.2956	0.3306
MSMEG_0055	0.1946	0.1217	0.3612	0.3226
MSMEG_0056	0.1855	0.1289	0.3302	0.3553
MSMEG_0057	0.1684	0.1567	0.331	0.3439
MSMEG_0058	0.1894	0.1629	0.3144	0.3333
MSMEG_0059	0.178	0.1554	0.3409	0.3258
MSMEG_0060	0.1667	0.1576	0.3333	0.3424
MSMEG_0061	0.1808	0.1548	0.3217	0.3428
MSMEG_0062	0.1796	0.1554	0.3227	0.3423
MSMEG_0063	0.1633	0.1497	0.3639	0.3231
MSMEG_0064	0.1636	0.1366	0.3735	0.3264
MSMEG_0065	0.198	0.1452	0.3234	0.3333
MSMEG_0066	0.184	0.1424	0.3368	0.3368
MSMEG_0067	0.1663	0.1453	0.3312	0.3572
MSMEG_0068	0.1396	0.1787	0.3333	0.3483
MSMEG_0069	0.2422	0.1467	0.3348	0.2764
MSMEG_0070	0.1905	0.2143	0.3036	0.2917
MSMEG_0071	0.2054	0.1662	0.3165	0.312
MSMEG_0072	0.2056	0.1336	0.2764	0.3844
MSMEG_0073	0.1687	0.1572	0.3235	0.3506
MSMEG_0074	0.1825	0.1515	0.3042	0.3618
MSMEG_0075	0.1821	0.1681	0.3277	0.3221
MSMEG_0076	0.1875	0.1388	0.3615	0.3122
MSMEG_0077	0.2138	0.1635	0.3396	0.283
MSMEG_0078	0.2257	0.1545	0.3177	0.3021
MSMEG_0079	0.1647	0.1954	0.3213	0.3186
MSMEG_0080	0.1959	0.1827	0.3032	0.3183
MSMEG_0081	0.2282	0.1411	0.2973	0.3333
MSMEG_0082	0.1541	0.1713	0.324	0.3505
MSMEG_0083	0.1637	0.143	0.3178	0.3756
MSMEG_0084	0.1667	0.1628	0.3217	0.3488
MSMEG_0085	0.1359	0.1642	0.3418	0.3581
MSMEG_0086	0.1453	0.1433	0.3354	0.376
MSMEG_0087	0.1576	0.1328	0.3451	0.3646
MSMEG_0088	0.1358	0.1278	0.3621	0.3743
MSMEG_0089	0.1713	0.1467	0.3344	0.3477
MSMEG_0090	0.1215	0.1699	0.3603	0.3482
MSMEG_0091	0.1675	0.1709	0.3265	0.335
MSMEG_0092	0.1965	0.2044	0.3302	0.2689
MSMEG_0093	0.1516	0.1443	0.3406	0.3634
MSMEG_0094	0.1611	0.1667	0.3611	0.3111
MSMEG_0095	0.1635	0.1464	0.3376	0.3526
MSMEG_0096	0.1942	0.1439	0.3205	0.3415
MSMEG_0097	0.1232	0.1511	0.3789	0.3468
MSMEG_0098	0.1457	0.1527	0.3571	0.3445
MSMEG_0099	0.0947	0.214	0.3868	0.3045
MSMEG_0100	0.1487	0.1425	0.3767	0.3321
MSMEG_0101	0.182	0.1514	0.3604	0.3063
MSMEG_0102	0.1756	0.1408	0.3455	0.3382
MSMEG_0103	0.1017	0.1717	0.3592	0.3675
MSMEG_0104	0.1304	0.1633	0.3662	0.3401
MSMEG_0105	0.1659	0.1536	0.3548	0.3257
MSMEG_0106	0.1285	0.1868	0.3599	0.3248
MSMEG_0107	0.196	0.1292	0.3034	0.3714
MSMEG_0108	0.1614	0.1482	0.3351	0.3553
MSMEG_0109	0.1635	0.1795	0.3174	0.3396
MSMEG_0110	0.1518	0.1686	0.358	0.3217
MSMEG_0111	0.1801	0.1682	0.3055	0.3463
MSMEG_0112	0.188	0.2308	0.2906	0.2906
MSMEG_0113	0.1161	0.1998	0.3484	0.3357
MSMEG_0114	0.1853	0.147	0.3323	0.3354
MSMEG_0115	0.1777	0.1733	0.3025	0.3465
MSMEG_0116	0.1554	0.1466	0.3647	0.3333
MSMEG_0117	0.1806	0.1759	0.2928	0.3507
MSMEG_0118	0.1836	0.1417	0.3792	0.2954
MSMEG_0119	0.1712	0.2252	0.2793	0.3243
MSMEG_0120	0.1939	0.1485	0.3182	0.3394
MSMEG_0121	0.1486	0.1512	0.3501	0.3501
MSMEG_0122	0.1776	0.1438	0.3194	0.3591
MSMEG_0123	0.1183	0.1893	0.3471	0.3452
MSMEG_0124	0.1506	0.152	0.3421	0.3553
MSMEG_0125	0.1388	0.1952	0.336	0.3301
MSMEG_0126	0.1653	0.1546	0.3342	0.3458
MSMEG_0127	0.1255	0.163	0.3727	0.3388
MSMEG_0128	0.1578	0.1556	0.3244	0.3622
MSMEG_0129	0.1937	0.1599	0.3266	0.3198
MSMEG_0130	0.1717	0.1328	0.3333	0.3622
MSMEG_0131	0.1645	0.1615	0.3419	0.3321
MSMEG_0132	0.1336	0.2247	0.3308	0.3109
MSMEG_0133	0.1402	0.2207	0.3138	0.3253
MSMEG_0134	0.1789	0.1626	0.3089	0.3496
MSMEG_0135	0.1977	0.1725	0.2965	0.3333
MSMEG_0136	0.1505	0.1456	0.3234	0.3805
MSMEG_0137	0.1782	0.1563	0.312	0.3534
MSMEG_0138	0.1912	0.1588	0.3135	0.3365
MSMEG_0139	0.1774	0.1338	0.3289	0.3599
MSMEG_0140	0.197	0.1363	0.3596	0.3071
MSMEG_0141	0.1414	0.161	0.3653	0.3323
MSMEG_0142	0.2113	0.1475	0.3279	0.3133
MSMEG_0143	0.1953	0.1425	0.3288	0.3333
MSMEG_0144	0.183	0.1306	0.2782	0.4082
MSMEG_0145	0.1405	0.2003	0.3363	0.3229
MSMEG_0146	0.1734	0.1526	0.3223	0.3516
MSMEG_0147	0.2098	0.1923	0.2481	0.3497
MSMEG_0148	0.1744	0.1759	0.3225	0.3272
MSMEG_0149	0.1548	0.1422	0.3291	0.3739
MSMEG_0150	0.159	0.1841	0.3278	0.3291
MSMEG_0151	0.1574	0.2006	0.2994	0.3426
MSMEG_0152	0.1717	0.1514	0.3416	0.3352
MSMEG_0153	0.1716	0.1479	0.3363	0.3442
MSMEG_0154	0.1409	0.1583	0.3801	0.3208
MSMEG_0155	0.1911	0.1338	0.3355	0.3397
MSMEG_0156	0.1575	0.1629	0.329	0.3506
MSMEG_0157	0.1811	0.143	0.3264	0.3495
MSMEG_0158	0.194	0.1504	0.3365	0.3191
MSMEG_0159	0.1543	0.144	0.3436	0.358
MSMEG_0160	0.1482	0.1538	0.3583	0.3396
MSMEG_0161	0.1723	0.15	0.3401	0.3376
MSMEG_0162	0.1956	0.1422	0.3111	0.3511
MSMEG_0163	0.1987	0.141	0.2981	0.3622
MSMEG_0164	0.1287	0.1771	0.3296	0.3646
MSMEG_0165	0.1459	0.1566	0.376	0.3215
MSMEG_0166	0.1879	0.1221	0.3169	0.3731
MSMEG_0167	0.1439	0.193	0.3305	0.3326
MSMEG_0168	0.195	0.157	0.3193	0.3287
MSMEG_0169	0.1538	0.265	0.2906	0.2906
MSMEG_0170	0.1482	0.1981	0.3384	0.3153
MSMEG_0171	0.1763	0.1516	0.3419	0.3301
MSMEG_0172	0.1609	0.1592	0.3383	0.3416
MSMEG_0173	0.109	0.1807	0.3583	0.352
MSMEG_0174	0.1129	0.1828	0.3306	0.3737
MSMEG_0175	0.153	0.168	0.3307	0.3483
MSMEG_0176	0.1965	0.152	0.3228	0.3287
MSMEG_0177	0.1461	0.1965	0.3477	0.3097
MSMEG_0178	0.1814	0.1788	0.3346	0.3052
MSMEG_0179	0.1696	0.1652	0.3259	0.3393
MSMEG_0180	0.1647	0.1471	0.3353	0.3529
MSMEG_0181	0.1651	0.1491	0.3152	0.3706
MSMEG_0182	0.1667	0.1727	0.3359	0.3247
MSMEG_0183	0.1522	0.183	0.3062	0.3587
MSMEG_0184	0.1461	0.1596	0.348	0.3463
MSMEG_0185	0.1778	0.1876	0.2942	0.3403
MSMEG_0186	0.1859	0.1414	0.3212	0.3515
MSMEG_0187	0.1656	0.1656	0.348	0.3208
MSMEG_0188	0.1892	0.1269	0.3591	0.3247
MSMEG_0189	0.1431	0.1722	0.3308	0.3539
MSMEG_0190	0.1442	0.2064	0.3147	0.3346
MSMEG_0191	0.1376	0.143	0.3462	0.3731
MSMEG_0192	0.1672	0.1584	0.3101	0.3643
MSMEG_0193	0.1739	0.1338	0.3579	0.3344
MSMEG_0194	0.1645	0.166	0.3305	0.3391
MSMEG_0195	0.1932	0.1737	0.3297	0.3035
MSMEG_0196	0.1706	0.1828	0.3311	0.3155
MSMEG_0197	0.1643	0.1783	0.3132	0.3442
MSMEG_0198	0.1684	0.1675	0.3369	0.3272
MSMEG_0200	0.1935	0.1606	0.3075	0.3384
MSMEG_0201	0.2032	0.1499	0.2998	0.3471
MSMEG_0202	0.1565	0.1519	0.3265	0.3651
MSMEG_0203	0.1467	0.1966	0.386	0.2707
MSMEG_0204	0.1872	0.1676	0.3284	0.3167
MSMEG_0205	0.2099	0.1574	0.2809	0.3519
MSMEG_0206	0.1259	0.1732	0.345	0.3558
MSMEG_0207	0.1746	0.1587	0.3401	0.3265
MSMEG_0208	0.1667	0.1534	0.3201	0.3598
MSMEG_0209	0.1756	0.1828	0.3513	0.2903
MSMEG_0210	0.1662	0.1515	0.337	0.3453
MSMEG_0211	0.181	0.1574	0.3367	0.3249
MSMEG_0212	0.1857	0.1381	0.3095	0.3667
MSMEG_0213	0.1633	0.17	0.3445	0.3221
MSMEG_0214	0.1495	0.1417	0.3419	0.3668
MSMEG_0215	0.1646	0.1437	0.3431	0.3487
MSMEG_0216	0.1802	0.1493	0.332	0.3385
MSMEG_0217	0.2018	0.1618	0.3173	0.3191
MSMEG_0218	0.204	0.1354	0.3414	0.3192
MSMEG_0219	0.1722	0.1541	0.3333	0.3404
MSMEG_0220	0.1548	0.1488	0.3369	0.3595
MSMEG_0221	0.1875	0.1302	0.3031	0.3792
MSMEG_0222	0.1747	0.1317	0.3495	0.3441
MSMEG_0223	0.1573	0.1449	0.3499	0.3478
MSMEG_0224	0.1629	0.1446	0.3531	0.3394
MSMEG_0225	0.1915	0.1701	0.3099	0.3285
MSMEG_0226	0.1865	0.1841	0.2914	0.338
MSMEG_0227	0.1702	0.1982	0.3246	0.307
MSMEG_0228	0.1481	0.1621	0.3593	0.3305
MSMEG_0229	0.1603	0.1527	0.3444	0.3427
MSMEG_0230	0.2059	0.1307	0.3333	0.3301
MSMEG_0231	0.17	0.16	0.3567	0.3133
MSMEG_0232	0.1024	0.1659	0.3829	0.3488
MSMEG_0233	0.1902	0.1402	0.3103	0.3593
MSMEG_0234	0.1724	0.1464	0.3318	0.3493
MSMEG_0235	0.19	0.132	0.3237	0.3543
MSMEG_0236	0.1319	0.1449	0.3623	0.3609
MSMEG_0237	0.1557	0.1294	0.3284	0.3866
MSMEG_0238	0.1677	0.1529	0.327	0.3524
MSMEG_0239	0.1651	0.142	0.3272	0.3657
MSMEG_0240	0.1642	0.1297	0.3415	0.3645
MSMEG_0241	0.1529	0.1661	0.3438	0.3372
MSMEG_0242	0.1667	0.1254	0.3299	0.378
MSMEG_0243	0.1538	0.1624	0.3191	0.3647
MSMEG_0244	0.1538	0.1606	0.3576	0.3279
MSMEG_0245	0.1057	0.1762	0.3659	0.3523
MSMEG_0246	0.1449	0.1434	0.3599	0.3518
MSMEG_0247	0.1844	0.1481	0.3045	0.363
MSMEG_0248	0.1273	0.1941	0.3681	0.3104
MSMEG_0249	0.1281	0.1789	0.3491	0.3439
MSMEG_0250	0.1631	0.1519	0.3406	0.3445
MSMEG_0251	0.1588	0.1831	0.3462	0.3119
MSMEG_0252	0.173	0.1313	0.3308	0.3649
MSMEG_0253	0.1153	0.1417	0.3949	0.348
MSMEG_0254	0.1513	0.1418	0.3681	0.3388
MSMEG_0255	0.1784	0.1538	0.3246	0.3432
MSMEG_0256	0.1661	0.1451	0.3654	0.3234
MSMEG_0257	0.1901	0.1512	0.3241	0.3347
MSMEG_0258	0.1786	0.1406	0.3404	0.3404
MSMEG_0259	0.1391	0.1578	0.3554	0.3477
MSMEG_0260	0.1483	0.1422	0.348	0.3615
MSMEG_0261	0.1561	0.1621	0.3434	0.3384
MSMEG_0262	0.1301	0.1572	0.3713	0.3415
MSMEG_0263	0.1494	0.1462	0.3522	0.3522
MSMEG_0264	0.0992	0.1877	0.3762	0.3369
MSMEG_0265	0.1635	0.1508	0.3444	0.3413
MSMEG_0266	0.1646	0.1591	0.3409	0.3354
MSMEG_0267	0.1524	0.174	0.3402	0.3333
MSMEG_0268	0.1705	0.1462	0.3282	0.3551
MSMEG_0269	0.1731	0.1449	0.3141	0.3679
MSMEG_0270	0.1642	0.1682	0.3095	0.3582
MSMEG_0271	0.1674	0.1476	0.347	0.3379
MSMEG_0272	0.1844	0.1418	0.3333	0.3404
MSMEG_0273	0.1705	0.1553	0.3409	0.3333
MSMEG_0274	0.1762	0.1188	0.3544	0.3506
MSMEG_0275	0.1741	0.1576	0.3202	0.3481
MSMEG_0276	0.1553	0.1313	0.346	0.3674
MSMEG_0277	0.1749	0.1577	0.3286	0.3388
MSMEG_0278	0.1974	0.1184	0.3114	0.3728
MSMEG_0279	0.1602	0.2018	0.3027	0.3353
MSMEG_0280	0.1256	0.17	0.3589	0.3456
MSMEG_0281	0.1749	0.152	0.3416	0.3314
MSMEG_0282	0.1745	0.1495	0.3333	0.3427
MSMEG_0283	0.1518	0.1479	0.3671	0.3333
MSMEG_0284	0.1736	0.1547	0.3107	0.361
MSMEG_0285	0.1642	0.1343	0.3433	0.3582
MSMEG_0286	0.1543	0.1441	0.3362	0.3654
MSMEG_0287	0.1629	0.125	0.3371	0.375
MSMEG_0288	0.1586	0.1495	0.3396	0.3523
MSMEG_0289	0.1564	0.1506	0.3333	0.3597
MSMEG_0290	0.1818	0.1557	0.327	0.3354
MSMEG_0291	0.1844	0.1348	0.3251	0.3558
MSMEG_0292	0.1758	0.1636	0.3061	0.3545
MSMEG_0293	0.184	0.1517	0.3096	0.3547
MSMEG_0294	0.1694	0.1519	0.3387	0.3401
MSMEG_0295	0.1751	0.1554	0.3127	0.3567
MSMEG_0296	0.1754	0.1557	0.3355	0.3333
MSMEG_0297	0.1627	0.1492	0.3413	0.3468
MSMEG_0298	0.1754	0.1813	0.3246	0.3187
MSMEG_0299	0.203	0.1643	0.312	0.3207
MSMEG_0300	0.2014	0.1528	0.2956	0.3502
MSMEG_0301	0.1548	0.1512	0.3456	0.3485
MSMEG_0302	0.1485	0.165	0.3292	0.3573
MSMEG_0303	0.1511	0.1611	0.3535	0.3343
MSMEG_0304	0.1765	0.1489	0.3266	0.348
MSMEG_0305	0.163	0.1617	0.3284	0.3469
MSMEG_0306	0.1505	0.1481	0.3405	0.3608
MSMEG_0307	0.1562	0.1529	0.3597	0.3311
MSMEG_0308	0.1648	0.1761	0.3314	0.3277
MSMEG_0309	0.1707	0.1452	0.3548	0.3293
MSMEG_0311	0.1403	0.1616	0.3597	0.3384
MSMEG_0312	0.1429	0.1476	0.3508	0.3587
MSMEG_0313	0.1492	0.1437	0.3432	0.3639
MSMEG_0314	0.1653	0.1532	0.3273	0.3542
MSMEG_0315	0.0849	0.1752	0.4084	0.3315
MSMEG_0316	0.1498	0.1389	0.3493	0.362
MSMEG_0317	0.1871	0.1512	0.32	0.3417
MSMEG_0318	0.1566	0.1586	0.3421	0.3427
MSMEG_0319	0.1114	0.1734	0.361	0.3543
MSMEG_0320	0.1922	0.1452	0.2975	0.365
MSMEG_0321	0.1486	0.1425	0.3534	0.3555
MSMEG_0323	0.199	0.1715	0.3139	0.3155
MSMEG_0324	0.1974	0.1798	0.2961	0.3268
MSMEG_0325	0.1871	0.152	0.3041	0.3567
MSMEG_0326	0.1821	0.1684	0.3299	0.3196
MSMEG_0327	0.1803	0.153	0.3506	0.316
MSMEG_0328	0.1644	0.1911	0.3556	0.2889
MSMEG_0329	0.1434	0.1899	0.3414	0.3253
MSMEG_0330	0.1877	0.165	0.3148	0.3325
MSMEG_0331	0.17	0.1643	0.3077	0.358
MSMEG_0332	0.1421	0.1549	0.3739	0.3291
MSMEG_0333	0.1826	0.1632	0.3183	0.3358
MSMEG_0334	0.1706	0.1483	0.3498	0.3313
MSMEG_0335	0.1871	0.1542	0.3412	0.3175
MSMEG_0336	0.1686	0.1447	0.3333	0.3535
MSMEG_0337	0.1772	0.1487	0.3442	0.3299
MSMEG_0338	0.1865	0.1574	0.3307	0.3254
MSMEG_0339	0.1681	0.1544	0.35	0.3274
MSMEG_0340	0.1647	0.1806	0.3453	0.3094
MSMEG_0341	0.1681	0.1642	0.3245	0.3432
MSMEG_0342	0.1643	0.2045	0.2943	0.3369
MSMEG_0343	0.2054	0.1706	0.3002	0.3239
MSMEG_0344	0.1362	0.2231	0.3424	0.2983
MSMEG_0345	0.149	0.2039	0.3297	0.3175
MSMEG_0346	0.1782	0.1656	0.3074	0.3488
MSMEG_0347	0.1973	0.1788	0.3042	0.3197
MSMEG_0348	0.1956	0.1558	0.3025	0.3461
MSMEG_0349	0.1966	0.1651	0.3111	0.3272
MSMEG_0350	0.2079	0.15	0.3132	0.3289
MSMEG_0351	0.2016	0.164	0.2964	0.338
MSMEG_0352	0.2172	0.1642	0.3499	0.2687
MSMEG_0353	0.185	0.1813	0.3278	0.3059
MSMEG_0354	0.1725	0.2076	0.3392	0.2807
MSMEG_0355	0.1778	0.1859	0.3091	0.3273
MSMEG_0356	0.1873	0.1619	0.3302	0.3206
MSMEG_0357	0.1217	0.1767	0.3627	0.339
MSMEG_0358	0.1713	0.1568	0.3448	0.3271
MSMEG_0359	0.1307	0.1534	0.3576	0.3583
MSMEG_0360	0.1379	0.2126	0.3333	0.3161
MSMEG_0361	0.1263	0.1443	0.3462	0.3832
MSMEG_0362	0.1323	0.1692	0.3574	0.3411
MSMEG_0363	0.1784	0.1518	0.3443	0.3255
MSMEG_0364	0.15	0.1267	0.38	0.3433
MSMEG_0365	0.1818	0.1409	0.3434	0.3339
MSMEG_0366	0.1742	0.1496	0.3333	0.3428
MSMEG_0367	0.1414	0.1377	0.3581	0.3627
MSMEG_0368	0.1581	0.1513	0.3367	0.3538
MSMEG_0369	0.2061	0.1438	0.2974	0.3527
MSMEG_0370	0.1854	0.1344	0.3369	0.3433
MSMEG_0371	0.1737	0.1434	0.3135	0.3695
MSMEG_0372	0.1545	0.1456	0.3496	0.3503
MSMEG_0373	0.1586	0.1432	0.3464	0.3518
MSMEG_0374	0.1691	0.152	0.3317	0.3472
MSMEG_0375	0.1632	0.1494	0.3396	0.3478
MSMEG_0376	0.1461	0.1729	0.341	0.34
MSMEG_0377	0.1889	0.1768	0.3293	0.305
MSMEG_0378	0.1755	0.1514	0.3333	0.3398
MSMEG_0379	0.1738	0.1738	0.305	0.3475
MSMEG_0380	0.1905	0.1976	0.2976	0.3143
MSMEG_0381	0.1824	0.1963	0.3122	0.3091
MSMEG_0382	0.1809	0.1956	0.3139	0.3095
MSMEG_0383	0.2183	0.1829	0.2861	0.3127
MSMEG_0384	0.2053	0.188	0.2895	0.3172
MSMEG_0385	0.1764	0.1842	0.3343	0.3051
MSMEG_0386	0.1869	0.1817	0.3104	0.321
MSMEG_0387	0.2014	0.1959	0.2993	0.3034
MSMEG_0388	0.1784	0.1881	0.3223	0.3112
MSMEG_0389	0.1805	0.1915	0.3333	0.2947
MSMEG_0390	0.1616	0.2548	0.2881	0.2955
MSMEG_0391	0.18	0.2079	0.3181	0.294
MSMEG_0392	0.1921	0.1888	0.3036	0.3155
MSMEG_0393	0.2097	0.1879	0.3127	0.2897
MSMEG_0394	0.1843	0.2	0.3569	0.2588
MSMEG_0395	0.1556	0.2	0.3407	0.3037
MSMEG_0396	0.2055	0.1404	0.3008	0.3534
MSMEG_0397	0.1565	0.1519	0.3265	0.3651
MSMEG_0398	0.1467	0.1966	0.386	0.2707
MSMEG_0399	0.1948	0.2208	0.342	0.2424
MSMEG_0400	0.1571	0.1667	0.3356	0.3407
MSMEG_0401	0.1683	0.1683	0.3387	0.3247
MSMEG_0402	0.1612	0.1622	0.3368	0.3397
MSMEG_0403	0.1429	0.2381	0.3309	0.2882
MSMEG_0404	0.1727	0.146	0.3674	0.3139
MSMEG_0405	0.1522	0.1369	0.3495	0.3614
MSMEG_0406	0.189	0.159	0.3186	0.3333
MSMEG_0407	0.1534	0.1488	0.3535	0.3444
MSMEG_0408	0.1539	0.1515	0.3452	0.3494
MSMEG_0409	0.2011	0.1906	0.2954	0.3129
MSMEG_0410	0.1602	0.1778	0.3307	0.3313
MSMEG_0411	0.1567	0.1637	0.3439	0.3357
MSMEG_0412	0.1701	0.1432	0.3264	0.3602
MSMEG_0413	0.1003	0.1829	0.3658	0.351
MSMEG_0414	0.1508	0.1549	0.3467	0.3477
MSMEG_0415	0.1564	0.1646	0.323	0.356
MSMEG_0416	0.2407	0.1049	0.2901	0.3642
MSMEG_0417	0.216	0.1613	0.3213	0.3013
MSMEG_0418	0.1871	0.1468	0.3365	0.3297
MSMEG_0419	0.1655	0.2105	0.2798	0.3443
MSMEG_0420	0.229	0.1347	0.2896	0.3468
MSMEG_0421	0.1769	0.1565	0.3605	0.3061
MSMEG_0422	0.1458	0.1432	0.375	0.3359
MSMEG_0423	0.1279	0.1628	0.3779	0.3314
MSMEG_0424	0.1758	0.1484	0.3493	0.3265
MSMEG_0425	0.0968	0.1744	0.3907	0.3381
MSMEG_0426	0.1423	0.149	0.3524	0.3563
MSMEG_0427	0.1671	0.1632	0.3407	0.3291
MSMEG_0428	0.1545	0.1897	0.3496	0.3062
MSMEG_0429	0.2016	0.144	0.3374	0.3169
MSMEG_0430	0.1732	0.1462	0.3282	0.3523
MSMEG_0431	0.1236	0.1595	0.3448	0.3721
MSMEG_0432	0.1408	0.152	0.3549	0.3523
MSMEG_0433	0.1355	0.1943	0.3475	0.3227
MSMEG_0434	0.1485	0.1596	0.3444	0.3476
MSMEG_0435	0.1582	0.1525	0.3379	0.3514
MSMEG_0436	0.1523	0.1478	0.3484	0.3514
MSMEG_0437	0.1645	0.1982	0.2966	0.3407
MSMEG_0438	0.1698	0.1509	0.327	0.3522
MSMEG_0439	0.1451	0.1873	0.3298	0.3377
MSMEG_0440	0.1313	0.202	0.3838	0.2828
MSMEG_0441	0.166	0.1372	0.3265	0.3704
MSMEG_0442	0.1625	0.1559	0.2968	0.3847
MSMEG_0443	0.143	0.1682	0.3444	0.3444
MSMEG_0444	0.1642	0.1476	0.349	0.3392
MSMEG_0445	0.1444	0.1568	0.3581	0.3408
MSMEG_0446	0.1302	0.2254	0.3289	0.3155
MSMEG_0447	0.1833	0.1286	0.2976	0.3905
MSMEG_0448	0.1982	0.1734	0.2995	0.3288
MSMEG_0449	0.1289	0.1749	0.3383	0.3578
MSMEG_0450	0.1991	0.2269	0.3241	0.25
MSMEG_0451	0.2169	0.1406	0.3253	0.3173
MSMEG_0452	0.1307	0.1957	0.3257	0.3479
MSMEG_0453	0.2027	0.1501	0.3002	0.347
MSMEG_0454	0.1646	0.1497	0.3633	0.3224
MSMEG_0455	0.1807	0.1436	0.3326	0.3431
MSMEG_0456	0.1732	0.1447	0.3385	0.3436
MSMEG_0457	0.1647	0.1327	0.3407	0.3618
MSMEG_0458	0.1319	0.1644	0.3387	0.365
MSMEG_0459	0.1519	0.1752	0.3426	0.3302
MSMEG_0460	0.1694	0.1478	0.3139	0.3689
MSMEG_0461	0.1431	0.1561	0.3626	0.3382
MSMEG_0462	0.1802	0.1644	0.3378	0.3176
MSMEG_0463	0.176	0.1843	0.3129	0.3267
MSMEG_0464	0.1599	0.1437	0.3457	0.3507
MSMEG_0465	0.1854	0.1528	0.3285	0.3333
MSMEG_0466	0.2073	0.1602	0.3062	0.3263
MSMEG_0467	0.13	0.1817	0.325	0.3633
MSMEG_0468	0.1266	0.1847	0.3275	0.3612
MSMEG_0469	0.1615	0.1604	0.3414	0.3368
MSMEG_0470	0.1545	0.1664	0.324	0.3551
MSMEG_0471	0.155	0.1632	0.3648	0.317
MSMEG_0472	0.1845	0.1285	0.3232	0.3639
MSMEG_0473	0.1795	0.1648	0.3175	0.3382
MSMEG_0474	0.1756	0.16	0.3423	0.3221
MSMEG_0475	0.1711	0.1695	0.3236	0.3358
MSMEG_0476	0.1829	0.2022	0.304	0.311
MSMEG_0477	0.1694	0.1721	0.3115	0.347
MSMEG_0478	0.1936	0.1623	0.322	0.322
MSMEG_0479	0.1681	0.1723	0.3475	0.3121
MSMEG_0480	0.2015	0.1545	0.3015	0.3424
MSMEG_0481	0.167	0.1826	0.3393	0.3111
MSMEG_0482	0.1735	0.167	0.3445	0.315
MSMEG_0483	0.147	0.2074	0.3355	0.31
MSMEG_0484	0.1694	0.1775	0.3018	0.3514
MSMEG_0485	0.1732	0.1595	0.3235	0.3438
MSMEG_0486	0.2161	0.1734	0.28	0.3304
MSMEG_0487	0.1607	0.229	0.2866	0.3237
MSMEG_0488	0.2161	0.1797	0.3034	0.3008
MSMEG_0489	0.191	0.1867	0.3291	0.2933
MSMEG_0490	0.1903	0.1699	0.341	0.2989
MSMEG_0491	0.1885	0.1798	0.31	0.3217
MSMEG_0492	0.1116	0.2233	0.3538	0.3113
MSMEG_0493	0.1786	0.125	0.2679	0.4286
MSMEG_0494	0.1786	0.1429	0.2798	0.3988
MSMEG_0496	0.1611	0.125	0.3361	0.3778
MSMEG_0497	0.1717	0.1558	0.3369	0.3355
MSMEG_0498	0.1966	0.188	0.3162	0.2991
MSMEG_0499	0.1239	0.2031	0.3319	0.341
MSMEG_0500	0.1573	0.1685	0.324	0.3502
MSMEG_0501	0.1714	0.1499	0.3213	0.3574
MSMEG_0502	0.1728	0.1627	0.321	0.3435
MSMEG_0503	0.166	0.1596	0.3333	0.3411
MSMEG_0504	0.1499	0.1317	0.3425	0.3759
MSMEG_0505	0.1947	0.1451	0.31	0.3501
MSMEG_0506	0.1322	0.2117	0.3263	0.3298
MSMEG_0507	0.1442	0.2133	0.3103	0.3321
MSMEG_0508	0.183	0.1522	0.3193	0.3455
MSMEG_0509	0.1718	0.1476	0.3486	0.3321
MSMEG_0510	0.1769	0.1497	0.3152	0.3583
MSMEG_0511	0.1619	0.1715	0.3176	0.3491
MSMEG_0512	0.1825	0.158	0.3119	0.3476
MSMEG_0513	0.1418	0.1863	0.3095	0.3623
MSMEG_0514	0.1849	0.1568	0.2983	0.36
MSMEG_0515	0.1941	0.1651	0.3255	0.3153
MSMEG_0516	0.1425	0.2105	0.3169	0.33
MSMEG_0517	0.1499	0.2125	0.3128	0.3247
MSMEG_0518	0.1778	0.1594	0.3382	0.3246
MSMEG_0519	0.1795	0.2051	0.3162	0.2991
MSMEG_0520	0.1605	0.1883	0.3164	0.3349
MSMEG_0522	0.2745	0.0784	0.3203	0.3268
MSMEG_0523	0.179	0.151	0.3076	0.3624
MSMEG_0524	0.1606	0.1655	0.3309	0.343
MSMEG_0525	0.2186	0.1639	0.3115	0.306
MSMEG_0526	0.1782	0.1576	0.3327	0.3315
MSMEG_0527	0.172	0.1411	0.3481	0.3387
MSMEG_0528	0.1489	0.1586	0.3625	0.3301
MSMEG_0529	0.1636	0.154	0.3325	0.3499
MSMEG_0530	0.1581	0.1524	0.3262	0.3632
MSMEG_0531	0.1667	0.1403	0.3597	0.3333
MSMEG_0532	0.1958	0.1311	0.3091	0.3641
MSMEG_0533	0.1852	0.1463	0.3185	0.35
MSMEG_0534	0.1252	0.1906	0.3246	0.3596
MSMEG_0535	0.1737	0.1502	0.3005	0.3756
MSMEG_0536	0.1869	0.1358	0.3157	0.3616
MSMEG_0537	0.1865	0.1841	0.2867	0.3427
MSMEG_0538	0.1707	0.1646	0.315	0.3496
MSMEG_0539	0.1822	0.1585	0.3289	0.3304
MSMEG_0540	0.1571	0.1554	0.3253	0.3622
MSMEG_0541	0.1738	0.1481	0.3533	0.3248
MSMEG_0542	0.2043	0.1603	0.3163	0.3191
MSMEG_0543	0.171	0.1816	0.3112	0.3362
MSMEG_0544	0.153	0.1656	0.3396	0.3417
MSMEG_0545	0.1629	0.1705	0.303	0.3636
MSMEG_0546	0.1679	0.1739	0.3188	0.3394
MSMEG_0547	0.1987	0.1704	0.3126	0.3183
MSMEG_0548	0.1468	0.1695	0.3618	0.322
MSMEG_0549	0.1166	0.2099	0.3512	0.3224
MSMEG_0550	0.195	0.1517	0.3467	0.3065
MSMEG_0551	0.1622	0.1469	0.3206	0.3704
MSMEG_0552	0.1717	0.1475	0.3596	0.3212
MSMEG_0553	0.1707	0.1523	0.3193	0.3577
MSMEG_0554	0.123	0.2092	0.3506	0.3172
MSMEG_0555	0.1389	0.2008	0.3131	0.3472
MSMEG_0556	0.1553	0.1553	0.3551	0.3343
MSMEG_0557	0.2174	0.1232	0.2681	0.3913
MSMEG_0558	0.1534	0.1629	0.3674	0.3163
MSMEG_0559	0.1912	0.1863	0.3284	0.2941
MSMEG_0560	0.184	0.1549	0.3239	0.3371
MSMEG_0561	0.1439	0.1601	0.3451	0.351
MSMEG_0562	0.154	0.1662	0.3435	0.3364
MSMEG_0563	0.131	0.1468	0.3889	0.3333
MSMEG_0564	0.1139	0.2102	0.3425	0.3333
MSMEG_0565	0.1557	0.1612	0.3388	0.3443
MSMEG_0566	0.1531	0.1637	0.3545	0.3286
MSMEG_0567	0.1336	0.1575	0.3629	0.346
MSMEG_0568	0.14	0.1543	0.3476	0.3581
MSMEG_0569	0.1761	0.1494	0.3215	0.353
MSMEG_0570	0.1717	0.1549	0.3367	0.3367
MSMEG_0571	0.175	0.1639	0.3145	0.3466
MSMEG_0572	0.2011	0.1762	0.2912	0.3314
MSMEG_0573	0.191	0.1591	0.2998	0.3501
MSMEG_0574	0.1957	0.1483	0.341	0.315
MSMEG_0575	0.199	0.1894	0.3165	0.295
MSMEG_0576	0.1753	0.1719	0.3202	0.3326
MSMEG_0577	0.1193	0.1895	0.3456	0.3456
MSMEG_0578	0.1803	0.1486	0.3307	0.3404
MSMEG_0579	0.1452	0.1505	0.3535	0.3508
MSMEG_0580	0.166	0.156	0.322	0.356
MSMEG_0581	0.1604	0.1388	0.337	0.3638
MSMEG_0582	0.1526	0.1368	0.356	0.3546
MSMEG_0583	0.1648	0.1686	0.3333	0.3333
MSMEG_0584	0.148	0.1738	0.3265	0.3517
MSMEG_0585	0.1744	0.1418	0.3504	0.3333
MSMEG_0586	0.1564	0.1846	0.3256	0.3333
MSMEG_0587	0.19	0.1682	0.3209	0.3209
MSMEG_0588	0.1321	0.1817	0.3551	0.3311
MSMEG_0589	0.1813	0.1503	0.3247	0.3436
MSMEG_0590	0.1747	0.1426	0.3294	0.3533
MSMEG_0591	0.142	0.1543	0.3539	0.3498
MSMEG_0592	0.1447	0.1467	0.3643	0.3443
MSMEG_0593	0.1435	0.1512	0.3364	0.3688
MSMEG_0594	0.1728	0.149	0.334	0.3442
MSMEG_0595	0.1599	0.1612	0.3279	0.3509
MSMEG_0596	0.1557	0.1426	0.3595	0.3421
MSMEG_0597	0.1751	0.1453	0.3349	0.3446
MSMEG_0598	0.1471	0.1586	0.377	0.3172
MSMEG_0599	0.1765	0.1497	0.3387	0.3351
MSMEG_0600	0.1814	0.1609	0.3321	0.3257
MSMEG_0601	0.1165	0.2395	0.3107	0.3333
MSMEG_0602	0.1667	0.1795	0.3141	0.3397
MSMEG_0603	0.1624	0.1469	0.3361	0.3546
MSMEG_0604	0.1414	0.1486	0.3364	0.3736
MSMEG_0605	0.1734	0.15	0.3243	0.3523
MSMEG_0606	0.1952	0.1587	0.2937	0.3524
MSMEG_0607	0.1459	0.1578	0.3559	0.3405
MSMEG_0608	0.1933	0.16	0.29	0.3567
MSMEG_0609	0.1575	0.1461	0.3516	0.3447
MSMEG_0610	0.1793	0.1518	0.3179	0.3509
MSMEG_0611	0.1342	0.1752	0.3662	0.3244
MSMEG_0612	0.1503	0.1552	0.3578	0.3366
MSMEG_0613	0.17	0.1512	0.3411	0.3377
MSMEG_0614	0.1499	0.1734	0.3546	0.3221
MSMEG_0615	0.1661	0.1469	0.3322	0.3548
MSMEG_0616	0.1394	0.1496	0.334	0.377
MSMEG_0617	0.1629	0.1483	0.3286	0.3602
MSMEG_0618	0.1186	0.1442	0.3686	0.3686
MSMEG_0619	0.1463	0.1393	0.3473	0.367
MSMEG_0620	0.1667	0.1565	0.2959	0.381
MSMEG_0621	0.2083	0.1111	0.3368	0.3438
MSMEG_0622	0.1633	0.1553	0.3333	0.3481
MSMEG_0623	0.098	0.1779	0.3676	0.3564
MSMEG_0624	0.15	0.1442	0.3449	0.3609
MSMEG_0625	0.15	0.1742	0.3167	0.3592
MSMEG_0626	0.1473	0.1516	0.357	0.3441
MSMEG_0627	0.1241	0.175	0.3671	0.3339
MSMEG_0628	0.1727	0.1533	0.3297	0.3443
MSMEG_0629	0.1503	0.1582	0.3438	0.3477
MSMEG_0630	0.1629	0.1629	0.3159	0.3582
MSMEG_0632	0.1495	0.1576	0.3374	0.3556
MSMEG_0633	0.1462	0.151	0.3347	0.3682
MSMEG_0634	0.0923	0.2083	0.3899	0.3095
MSMEG_0635	0.1804	0.1483	0.3624	0.3089
MSMEG_0636	0.2099	0.1523	0.2901	0.3477
MSMEG_0637	0.1625	0.153	0.3525	0.3321
MSMEG_0638	0.1646	0.133	0.3292	0.3732
MSMEG_0639	0.1652	0.1701	0.3304	0.3343
MSMEG_0640	0.1783	0.1682	0.3323	0.3212
MSMEG_0641	0.1558	0.2108	0.3074	0.3261
MSMEG_0642	0.1598	0.2078	0.3094	0.3231
MSMEG_0643	0.2186	0.1479	0.3001	0.3333
MSMEG_0644	0.1578	0.1689	0.3356	0.3378
MSMEG_0645	0.1696	0.1649	0.3287	0.3368
MSMEG_0646	0.1263	0.2058	0.329	0.339
MSMEG_0647	0.1439	0.1692	0.3258	0.3611
MSMEG_0648	0.1508	0.127	0.4841	0.2381
MSMEG_0649	0.1905	0.1636	0.3292	0.3168
MSMEG_0650	0.1605	0.1565	0.351	0.332
MSMEG_0651	0.1645	0.1351	0.3289	0.3715
MSMEG_0652	0.1134	0.2072	0.3553	0.3241
MSMEG_0654	0.187	0.1613	0.3355	0.3162
MSMEG_0655	0.1487	0.1372	0.3577	0.3564
MSMEG_0656	0.1509	0.1443	0.3383	0.3665
MSMEG_0657	0.1477	0.1755	0.3392	0.3376
MSMEG_0658	0.1358	0.1998	0.3311	0.3333
MSMEG_0659	0.1253	0.2028	0.3418	0.3301
MSMEG_0660	0.211	0.1506	0.2886	0.3498
MSMEG_0661	0.1613	0.1505	0.3441	0.3441
MSMEG_0662	0.1589	0.1434	0.3463	0.3515
MSMEG_0663	0.1653	0.1568	0.3263	0.3517
MSMEG_0664	0.1757	0.1522	0.3111	0.361
MSMEG_0665	0.1493	0.1559	0.3523	0.3424
MSMEG_0666	0.1174	0.1657	0.3915	0.3254
MSMEG_0667	0.1739	0.1484	0.3427	0.335
MSMEG_0668	0.1143	0.2238	0.3667	0.2952
MSMEG_0669	0.1696	0.1381	0.3235	0.3688
MSMEG_0670	0.1539	0.1497	0.3493	0.3471
MSMEG_0671	0.1923	0.1706	0.3107	0.3264
MSMEG_0672	0.1606	0.1453	0.3012	0.393
MSMEG_0673	0.0829	0.1363	0.3775	0.4033
MSMEG_0674	0.1761	0.1533	0.3205	0.3501
MSMEG_0675	0.179	0.1634	0.3079	0.3498
MSMEG_0676	0.1229	0.1676	0.3706	0.3389
MSMEG_0678	0.1614	0.1667	0.3298	0.3421
MSMEG_0679	0.1451	0.1308	0.3511	0.373
MSMEG_0680	0.1536	0.1528	0.3438	0.3498
MSMEG_0681	0.1466	0.1474	0.3452	0.3609
MSMEG_0682	0.1554	0.1408	0.3386	0.3652
MSMEG_0683	0.1572	0.1436	0.3415	0.3577
MSMEG_0684	0.1655	0.147	0.3456	0.3418
MSMEG_0685	0.1576	0.1446	0.3283	0.3695
MSMEG_0686	0.1686	0.1475	0.3218	0.3621
MSMEG_0687	0.1165	0.1837	0.3576	0.3422
MSMEG_0688	0.188	0.1548	0.3144	0.3428
MSMEG_0689	0.1688	0.1308	0.3629	0.3376
MSMEG_0690	0.1745	0.1377	0.3359	0.3519
MSMEG_0691	0.1262	0.1322	0.3712	0.3704
MSMEG_0692	0.1516	0.1247	0.3322	0.3915
MSMEG_0693	0.163	0.1594	0.3351	0.3424
MSMEG_0695	0.1885	0.1459	0.3306	0.335
MSMEG_0696	0.2076	0.0906	0.3392	0.3626
MSMEG_0697	0.1908	0.1643	0.3357	0.3092
MSMEG_0698	0.1526	0.1446	0.338	0.3648
MSMEG_0699	0.128	0.1334	0.3555	0.383
MSMEG_0700	0.1871	0.1189	0.2963	0.3977
MSMEG_0701	0.102	0.2143	0.381	0.3027
MSMEG_0702	0.1522	0.1801	0.3258	0.3419
MSMEG_0703	0.1571	0.1571	0.3558	0.3301
MSMEG_0704	0.1796	0.1519	0.337	0.3315
MSMEG_0705	0.1388	0.1998	0.3183	0.3431
MSMEG_0706	0.152	0.1503	0.348	0.3497
MSMEG_0707	0.1742	0.1409	0.3364	0.3485
MSMEG_0708	0.1546	0.1761	0.3844	0.2849
MSMEG_0709	0.2087	0.137	0.328	0.3264
MSMEG_0710	0.1951	0.1244	0.3518	0.3287
MSMEG_0711	0.1714	0.1535	0.3521	0.3231
MSMEG_0712	0.1878	0.1624	0.3384	0.3113
MSMEG_0713	0.1944	0.1417	0.3333	0.3306
MSMEG_0714	0.1831	0.1485	0.3224	0.346
MSMEG_0715	0.1599	0.1573	0.3441	0.3387
MSMEG_0716	0.1347	0.2163	0.3403	0.3087
MSMEG_0717	0.1694	0.1639	0.3034	0.3632
MSMEG_0718	0.1467	0.1661	0.36	0.3273
MSMEG_0719	0.1598	0.1581	0.3368	0.3453
MSMEG_0720	0.1261	0.1712	0.3253	0.3774
MSMEG_0722	0.2321	0.1687	0.2817	0.3175
MSMEG_0723	0.2192	0.1731	0.302	0.3057
MSMEG_0724	0.1774	0.1621	0.3853	0.2752
MSMEG_0725	0.1834	0.1876	0.3176	0.3113
MSMEG_0726	0.2033	0.187	0.3821	0.2276
MSMEG_0727	0.2403	0.1667	0.2674	0.3256
MSMEG_0728	0.2427	0.1618	0.3139	0.2816
MSMEG_0729	0.1226	0.2123	0.3378	0.3274
MSMEG_0730	0.1322	0.1546	0.3525	0.3608
MSMEG_0731	0.1522	0.1683	0.3221	0.3574
MSMEG_0732	0.1782	0.1476	0.3561	0.318
MSMEG_0733	0.1898	0.163	0.3083	0.3389
MSMEG_0734	0.188	0.1565	0.3093	0.3463
MSMEG_0735	0.1538	0.1327	0.368	0.3454
MSMEG_0736	0.1541	0.1481	0.3274	0.3704
MSMEG_0737	0.157	0.1493	0.3501	0.3436
MSMEG_0738	0.1517	0.1384	0.3367	0.3732
MSMEG_0739	0.1659	0.1426	0.3442	0.3473
MSMEG_0740	0.176	0.1345	0.3613	0.3283
MSMEG_0741	0.1397	0.1452	0.3696	0.3454
MSMEG_0742	0.1373	0.1436	0.3532	0.3658
MSMEG_0743	0.1314	0.1445	0.3873	0.3368
MSMEG_0744	0.1695	0.1347	0.3356	0.3603
MSMEG_0745	0.1887	0.1426	0.3438	0.3249
MSMEG_0746	0.18	0.1471	0.335	0.3379
MSMEG_0747	0.1369	0.1518	0.3631	0.3482
MSMEG_0748	0.1595	0.144	0.3455	0.3511
MSMEG_0749	0.1911	0.1293	0.3434	0.3362
MSMEG_0750	0.1535	0.2033	0.3029	0.3402
MSMEG_0751	0.1122	0.1449	0.3786	0.3643
MSMEG_0752	0.1936	0.1416	0.3401	0.3247
MSMEG_0753	0.1935	0.1311	0.3159	0.3596
MSMEG_0754	0.1631	0.1463	0.3717	0.3189
MSMEG_0755	0.1454	0.1588	0.3501	0.3456
MSMEG_0756	0.1154	0.2103	0.3321	0.3423
MSMEG_0757	0.1354	0.1394	0.3434	0.3818
MSMEG_0758	0.1167	0.1407	0.4019	0.3407
MSMEG_0759	0.1767	0.1551	0.3434	0.3248
MSMEG_0760	0.1459	0.1521	0.3441	0.3579
MSMEG_0761	0.1795	0.1641	0.3744	0.2821
MSMEG_0762	0.1609	0.1609	0.3093	0.369
MSMEG_0763	0.1198	0.1749	0.3574	0.3479
MSMEG_0764	0.1237	0.1793	0.3605	0.3365
MSMEG_0765	0.1914	0.1782	0.3036	0.3267
MSMEG_0766	0.1413	0.1406	0.3626	0.3555
MSMEG_0767	0.1728	0.1523	0.358	0.3169
MSMEG_0768	0.1655	0.1606	0.3504	0.3236
MSMEG_0769	0.1585	0.1634	0.3489	0.3292
MSMEG_0770	0.1838	0.1593	0.3554	0.3015
MSMEG_0771	0.18	0.1545	0.3229	0.3426
MSMEG_0772	0.1645	0.1506	0.3151	0.3699
MSMEG_0773	0.1582	0.145	0.3371	0.3597
MSMEG_0775	0.1566	0.1633	0.3226	0.3574
MSMEG_0776	0.1154	0.2532	0.3494	0.2821
MSMEG_0777	0.1691	0.184	0.368	0.2789
MSMEG_0778	0.1464	0.1451	0.3477	0.3608
MSMEG_0779	0.1557	0.1506	0.3488	0.3449
MSMEG_0780	0.1518	0.1734	0.3306	0.3442
MSMEG_0781	0.1546	0.206	0.3143	0.3251
MSMEG_0782	0.1565	0.1534	0.3296	0.3605
MSMEG_0783	0.1688	0.1443	0.3266	0.3603
MSMEG_0784	0.1662	0.1671	0.3333	0.3333
MSMEG_0785	0.1816	0.1644	0.3046	0.3494
MSMEG_0786	0.1686	0.1568	0.3254	0.3491
MSMEG_0787	0.1713	0.1569	0.3261	0.3457
MSMEG_0788	0.1598	0.1438	0.3242	0.3721
MSMEG_0789	0.1418	0.1418	0.3509	0.3655
MSMEG_0790	0.1448	0.1349	0.3948	0.3254
MSMEG_0791	0.1303	0.1562	0.404	0.3095
MSMEG_0792	0.204	0.1642	0.3483	0.2836
MSMEG_0793	0.1489	0.1502	0.3439	0.357
MSMEG_0794	0.1293	0.1333	0.356	0.3813
MSMEG_0795	0.1612	0.1425	0.3476	0.3487
MSMEG_0796	0.1041	0.2108	0.3676	0.3175
MSMEG_0798	0.1868	0.1898	0.3004	0.3229
MSMEG_0799	0.1751	0.1695	0.2994	0.3559
MSMEG_0800	0.1889	0.1944	0.3333	0.2833
MSMEG_0801	0.1467	0.1966	0.386	0.2707
MSMEG_0802	0.1565	0.1519	0.3265	0.3651
MSMEG_0803	0.214	0.1605	0.2942	0.3313
MSMEG_0804	0.1073	0.153	0.4041	0.3356
MSMEG_0805	0.1676	0.1541	0.344	0.3343
MSMEG_0806	0.1766	0.1362	0.3598	0.3274
MSMEG_0807	0.1729	0.1405	0.345	0.3416
MSMEG_0808	0.1579	0.1662	0.3278	0.348
MSMEG_0809	0.1409	0.1528	0.3571	0.3492
MSMEG_0810	0.125	0.1906	0.3488	0.3356
MSMEG_0811	0.1215	0.137	0.3761	0.3654
MSMEG_0812	0.0827	0.1908	0.3948	0.3317
MSMEG_0813	0.1651	0.1835	0.3242	0.3272
MSMEG_0814	0.1832	0.1319	0.3077	0.3773
MSMEG_0815	0.1627	0.1588	0.3357	0.3428
MSMEG_0816	0.1785	0.1657	0.3104	0.3455
MSMEG_0817	0.1591	0.1623	0.316	0.3626
MSMEG_0818	0.1456	0.1959	0.3163	0.3422
MSMEG_0819	0.1643	0.1563	0.3381	0.3413
MSMEG_0820	0.1889	0.1593	0.3556	0.2963
MSMEG_0821	0.1557	0.1359	0.3299	0.3784
MSMEG_0822	0.1499	0.1594	0.3341	0.3567
MSMEG_0823	0.1838	0.1333	0.3441	0.3387
MSMEG_0824	0.1528	0.1451	0.3488	0.3534
MSMEG_0825	0.1637	0.1555	0.351	0.3298
MSMEG_0826	0.1924	0.1479	0.3175	0.3422
MSMEG_0827	0.1324	0.198	0.3282	0.3414
MSMEG_0828	0.1466	0.112	0.3427	0.3987
MSMEG_0829	0.1826	0.1584	0.3218	0.3372
MSMEG_0830	0.1262	0.1478	0.3614	0.3646
MSMEG_0831	0.166	0.1395	0.3501	0.3445
MSMEG_0832	0.165	0.1532	0.3333	0.3485
MSMEG_0833	0.1923	0.1635	0.3365	0.3077
MSMEG_0834	0.1866	0.153	0.3417	0.3187
MSMEG_0835	0.1646	0.1336	0.3221	0.3797
MSMEG_0836	0.1724	0.1724	0.336	0.3192
MSMEG_0837	0.1601	0.1272	0.3443	0.3684
MSMEG_0838	0.159	0.18	0.3276	0.3333
MSMEG_0839	0.1499	0.1579	0.3652	0.327
MSMEG_0840	0.1804	0.2248	0.289	0.3058
MSMEG_0842	0.2316	0.2211	0.2877	0.2596
MSMEG_0843	0.1582	0.1497	0.3107	0.3814
MSMEG_0844	0.134	0.1787	0.3333	0.354
MSMEG_0845	0.1407	0.2167	0.3259	0.3167
MSMEG_0846	0.1234	0.1905	0.3477	0.3383
MSMEG_0847	0.1987	0.1624	0.2863	0.3526
MSMEG_0848	0.1194	0.1868	0.3444	0.3494
MSMEG_0849	0.1321	0.1667	0.3585	0.3428
MSMEG_0850	0.134	0.1554	0.3725	0.3381
MSMEG_0851	0.1484	0.2121	0.3108	0.3287
MSMEG_0852	0.1525	0.1656	0.3268	0.3551
MSMEG_0853	0.2129	0.1687	0.2811	0.3373
MSMEG_0854	0.1672	0.1662	0.3426	0.324
MSMEG_0855	0.1347	0.1589	0.3554	0.351
MSMEG_0856	0.1728	0.1605	0.3364	0.3302
MSMEG_0857	0.1757	0.1705	0.3101	0.3437
MSMEG_0858	0.1345	0.1573	0.3508	0.3575
MSMEG_0859	0.1598	0.146	0.3471	0.3471
MSMEG_0860	0.1452	0.1765	0.3531	0.3252
MSMEG_0861	0.1359	0.1516	0.3348	0.3777
MSMEG_0862	0.1562	0.1404	0.3367	0.3668
MSMEG_0863	0.1797	0.1548	0.3214	0.3442
MSMEG_0864	0.1333	0.1778	0.3685	0.3204
MSMEG_0865	0.12	0.1633	0.3827	0.334
MSMEG_0866	0.1781	0.1306	0.3339	0.3574
MSMEG_0867	0.1667	0.1691	0.3419	0.3223
MSMEG_0868	0.1681	0.0868	0.3916	0.3535
MSMEG_0869	0.1253	0.198	0.3459	0.3308
MSMEG_0870	0.157	0.1547	0.349	0.3393
MSMEG_0871	0.1641	0.1497	0.3364	0.3497
MSMEG_0872	0.2104	0.1537	0.322	0.3139
MSMEG_0873	0.1871	0.2222	0.2807	0.3099
MSMEG_0874	0.1475	0.1603	0.3504	0.3418
MSMEG_0875	0.1303	0.2123	0.3333	0.3241
MSMEG_0876	0.1612	0.1405	0.3333	0.3649
MSMEG_0877	0.1437	0.1703	0.3462	0.3398
MSMEG_0878	0.1439	0.1474	0.3737	0.3351
MSMEG_0879	0.1429	0.1973	0.3401	0.3197
MSMEG_0880	0.1851	0.1439	0.3407	0.3303
MSMEG_0881	0.1379	0.1511	0.3693	0.3417
MSMEG_0882	0.1771	0.1589	0.3281	0.3359
MSMEG_0883	0.1457	0.1503	0.3597	0.3442
MSMEG_0884	0.1654	0.168	0.3412	0.3255
MSMEG_0885	0.1766	0.1429	0.3433	0.3373
MSMEG_0886	0.1549	0.1368	0.3166	0.3917
MSMEG_0887	0.1918	0.138	0.328	0.3423
MSMEG_0888	0.0975	0.1986	0.3812	0.3227
MSMEG_0889	0.1771	0.1418	0.3438	0.3373
MSMEG_0890	0.17	0.1317	0.3233	0.375
MSMEG_0891	0.2042	0.1479	0.3157	0.3322
MSMEG_0892	0.1371	0.182	0.3499	0.331
MSMEG_0893	0.1605	0.1975	0.3395	0.3025
MSMEG_0894	0.1817	0.1531	0.315	0.3502
MSMEG_0895	0.1855	0.1505	0.3212	0.3427
MSMEG_0896	0.1648	0.1838	0.2983	0.353
MSMEG_0897	0.1541	0.1495	0.338	0.3584
MSMEG_0898	0.1415	0.1451	0.3493	0.3641
MSMEG_0899	0.1786	0.1657	0.3284	0.3274
MSMEG_0900	0.1818	0.1621	0.3202	0.336
MSMEG_0901	0.1384	0.1635	0.3711	0.327
MSMEG_0902	0.177	0.1678	0.331	0.3241
MSMEG_0903	0.1964	0.1556	0.3226	0.3254
MSMEG_0904	0.1037	0.2407	0.3741	0.2815
MSMEG_0905	0.1658	0.1497	0.2995	0.385
MSMEG_0906	0.1775	0.1559	0.3159	0.3507
MSMEG_0907	0.1275	0.1478	0.4	0.3246
MSMEG_0908	0.1855	0.1378	0.3634	0.3133
MSMEG_0909	0.192	0.1519	0.311	0.3451
MSMEG_0910	0.2593	0.2593	0.237	0.2444
MSMEG_0911	0.1857	0.1406	0.3139	0.3598
MSMEG_0912	0.1719	0.1614	0.3403	0.3264
MSMEG_0913	0.205	0.1695	0.3001	0.3253
MSMEG_0914	0.1592	0.1535	0.3459	0.3414
MSMEG_0915	0.2061	0.152	0.3052	0.3367
MSMEG_0916	0.1901	0.1617	0.3163	0.3319
MSMEG_0917	0.167	0.1618	0.3529	0.3183
MSMEG_0918	0.2051	0.1445	0.3287	0.3217
MSMEG_0919	0.1974	0.0887	0.3419	0.372
MSMEG_0920	0.1404	0.2456	0.3193	0.2947
MSMEG_0921	0.163	0.1432	0.3556	0.3383
MSMEG_0922	0.1301	0.1418	0.3699	0.3582
MSMEG_0923	0.1699	0.1453	0.3216	0.3632
MSMEG_0924	0.1441	0.1516	0.3421	0.3622
MSMEG_0925	0.1223	0.1493	0.3655	0.3629
MSMEG_0926	0.1626	0.1565	0.3293	0.3516
MSMEG_0927	0.1598	0.144	0.3669	0.3294
MSMEG_0928	0.1419	0.1419	0.3718	0.3443
MSMEG_0929	0.1847	0.1266	0.3297	0.3591
MSMEG_0930	0.176	0.1413	0.328	0.3547
MSMEG_0931	0.1771	0.1215	0.4167	0.2847
MSMEG_0932	0.1267	0.14	0.3467	0.3867
MSMEG_0933	0.1387	0.1464	0.3487	0.3663
MSMEG_0934	0.2068	0.1767	0.3072	0.3092
MSMEG_0935	0.1868	0.129	0.3306	0.3535
MSMEG_0936	0.1746	0.1503	0.3308	0.3442
MSMEG_0937	0.174	0.174	0.3496	0.3024
MSMEG_0938	0.1723	0.1398	0.3546	0.3333
MSMEG_0939	0.1646	0.1584	0.3549	0.322
MSMEG_0940	0.169	0.1242	0.3585	0.3483
MSMEG_0941	0.1596	0.1525	0.3487	0.3392
MSMEG_0942	0.1434	0.1581	0.348	0.3505
MSMEG_0943	0.1533	0.1556	0.3612	0.3298
MSMEG_0944	0.1644	0.1826	0.3607	0.2922
MSMEG_0945	0.3039	0.1765	0.3039	0.2157
MSMEG_0946	0.1633	0.1662	0.3489	0.3217
MSMEG_0947	0.1662	0.1671	0.3221	0.3446
MSMEG_0948	0.1929	0.1629	0.3202	0.324
MSMEG_0949	0.1516	0.1366	0.3516	0.3602
MSMEG_0950	0.1389	0.1759	0.3333	0.3519
MSMEG_0951	0.1564	0.1523	0.3704	0.321
MSMEG_0952	0.1541	0.1504	0.3599	0.3355
MSMEG_0953	0.1672	0.1714	0.3532	0.3083
MSMEG_0954	0.1549	0.138	0.353	0.3541
MSMEG_0955	0.2088	0.1305	0.3233	0.3373
MSMEG_0956	0.1539	0.157	0.3425	0.3466
MSMEG_0957	0.1343	0.2083	0.338	0.3194
MSMEG_0958	0.1162	0.1995	0.3586	0.3258
MSMEG_0959	0.1515	0.1737	0.3596	0.3152
MSMEG_0960	0.0909	0.1991	0.4156	0.2944
MSMEG_0962	0.1599	0.165	0.3165	0.3586
MSMEG_0963	0.2305	0.107	0.3374	0.3251
MSMEG_0964	0.1573	0.1739	0.3168	0.352
MSMEG_0965	0.1667	0.184	0.3019	0.3475
MSMEG_0966	0.1276	0.1771	0.388	0.3073
MSMEG_0967	0.1627	0.1575	0.3281	0.3517
MSMEG_0968	0.1361	0.1436	0.3622	0.3581
MSMEG_0969	0.137	0.1519	0.34	0.3711
MSMEG_0970	0.1527	0.1412	0.3514	0.3547
MSMEG_0971	0.159	0.1682	0.344	0.3287
MSMEG_0972	0.0891	0.2036	0.3702	0.3372
MSMEG_0973	0.1576	0.1588	0.3327	0.3509
MSMEG_0974	0.1185	0.1978	0.3614	0.3223
MSMEG_0975	0.146	0.146	0.3461	0.3619
MSMEG_0976	0.1818	0.1879	0.303	0.3273
MSMEG_0977	0.1133	0.23	0.35	0.3067
MSMEG_0978	0.1201	0.1662	0.3746	0.3391
MSMEG_0979	0.1767	0.1767	0.3293	0.3173
MSMEG_0980	0.1422	0.1544	0.3487	0.3548
MSMEG_0981	0.1639	0.2	0.325	0.3111
MSMEG_0982	0.1971	0.1371	0.3343	0.3314
MSMEG_0983	0.1697	0.1498	0.3364	0.344
MSMEG_0984	0.113	0.19	0.3766	0.3203
MSMEG_0985	0.1593	0.1919	0.3037	0.3452
MSMEG_0986	0.1701	0.1276	0.3224	0.38
MSMEG_0987	0.1478	0.1371	0.3548	0.3602
MSMEG_0988	0.1046	0.1782	0.3713	0.346
MSMEG_0989	0.2073	0.1016	0.3862	0.3049
MSMEG_0990	0.1333	0.1859	0.3526	0.3282
MSMEG_0991	0.123	0.1739	0.3833	0.3199
MSMEG_0992	0.1676	0.1418	0.3502	0.3404
MSMEG_0993	0.1381	0.1617	0.3629	0.3373
MSMEG_0994	0.1416	0.1622	0.351	0.3451
MSMEG_0995	0.1227	0.1409	0.3909	0.3455
MSMEG_0996	0.1254	0.1483	0.3869	0.3394
MSMEG_0997	0.1095	0.1603	0.4079	0.3222
MSMEG_0998	0.1315	0.1757	0.3505	0.3423
MSMEG_0999	0.115	0.1956	0.3714	0.3179
MSMEG_1000	0.1199	0.2011	0.3757	0.3034
MSMEG_1001	0.1451	0.1643	0.3537	0.3369
MSMEG_1002	0.1467	0.1966	0.386	0.2707
MSMEG_1003	0.1565	0.1519	0.3265	0.3651
MSMEG_1004	0.1584	0.2364	0.3215	0.2837
MSMEG_1005	0.1593	0.1654	0.3419	0.3333
MSMEG_1006	0.1594	0.1479	0.3354	0.3573
MSMEG_1007	0.1142	0.1824	0.3451	0.3583
MSMEG_1008	0.1463	0.1565	0.313	0.3841
MSMEG_1009	0.1832	0.1576	0.2997	0.3596
MSMEG_1010	0.1697	0.1455	0.3318	0.353
MSMEG_1011	0.1528	0.1539	0.3553	0.338
MSMEG_1012	0.2005	0.1224	0.3288	0.3483
MSMEG_1013	0.1409	0.1612	0.3409	0.357
MSMEG_1014	0.1531	0.1503	0.3529	0.3436
MSMEG_1015	0.1398	0.122	0.3415	0.3967
MSMEG_1016	0.1578	0.133	0.3582	0.3511
MSMEG_1017	0.2042	0.1375	0.3042	0.3542
MSMEG_1019	0.2216	0.1641	0.2895	0.3248
MSMEG_1021	0.1762	0.1548	0.3429	0.3262
MSMEG_1022	0.1711	0.1491	0.3377	0.3421
MSMEG_1023	0.1369	0.1887	0.344	0.3305
MSMEG_1024	0.1944	0.2014	0.3125	0.2917
MSMEG_1025	0.1562	0.1493	0.3333	0.3611
MSMEG_1026	0.1303	0.1678	0.3779	0.3239
MSMEG_1027	0.1706	0.1638	0.3242	0.3413
MSMEG_1028	0.1886	0.1448	0.3375	0.3291
MSMEG_1029	0.1789	0.1572	0.3306	0.3333
MSMEG_1030	0.18	0.156	0.318	0.346
MSMEG_1031	0.155	0.1395	0.374	0.3314
MSMEG_1032	0.22	0.1733	0.3	0.3067
MSMEG_1033	0.2164	0.1559	0.2903	0.3374
MSMEG_1034	0.1302	0.1764	0.363	0.3304
MSMEG_1035	0.1309	0.186	0.3586	0.3245
MSMEG_1037	0.1714	0.1571	0.3029	0.3686
MSMEG_1038	0.1667	0.1522	0.3116	0.3696
MSMEG_1039	0.1527	0.135	0.3454	0.3669
MSMEG_1041	0.149	0.157	0.3559	0.3382
MSMEG_1042	0.1633	0.1327	0.3844	0.3197
MSMEG_1043	0.1493	0.1458	0.341	0.3639
MSMEG_1044	0.1905	0.1701	0.2653	0.3741
MSMEG_1045	0.1351	0.171	0.3491	0.3448
MSMEG_1046	0.1684	0.1425	0.338	0.351
MSMEG_1047	0.1594	0.1411	0.3577	0.3418
MSMEG_1048	0.154	0.1314	0.3503	0.3644
MSMEG_1049	0.1692	0.1437	0.3344	0.3527
MSMEG_1050	0.1366	0.1538	0.3789	0.3308
MSMEG_1051	0.1481	0.1838	0.3305	0.3376
MSMEG_1052	0.143	0.1948	0.3372	0.3249
MSMEG_1053	0.134	0.155	0.3637	0.3474
MSMEG_1054	0.2195	0.2683	0.187	0.3252
MSMEG_1055	0.1949	0.1546	0.3212	0.3293
MSMEG_1057	0.1676	0.1589	0.3499	0.3236
MSMEG_1058	0.1467	0.1962	0.3812	0.2759
MSMEG_1059	0.1565	0.1519	0.3265	0.3651
MSMEG_1060	0.2568	0.1309	0.3185	0.2938
MSMEG_1061	0.2179	0.1707	0.2829	0.3285
